  0.0000000000000000e+00   8.8000000000000000e-01   7.0000000000000007e-02   5.0000000000000003e-02   0.0000000000000000e+00   4.7763846092996021e-01
  7.1999999999999995e-02   8.3202044491449223e-01   7.4906139457776896e-02   5.0622136694464491e-02   4.2451278933266376e-02   8.9999967895004351e-01
  1.4399999999999999e-01   7.7475063935260158e-01   7.9457175097647159e-02   5.1303824104027826e-02   9.4488361445723437e-02   8.8604481233569199e-01
  2.1600000000000000e-01   7.2250391285096971e-01   8.3639731555377198e-02   5.2039737189645920e-02   1.4181661840400714e-01   8.5518659819729936e-01
  2.8799999999999998e-01   6.7516539794444408e-01   8.7488504482554630e-02   5.2824733428473561e-02   1.8452136414452763e-01   8.2628764515791475e-01
  3.5999999999999999e-01   6.3213645921175454e-01   9.1035178557691637e-02   5.3654156508330074e-02   2.2317420572222377e-01   7.9913335279144526e-01
  4.3200000000000000e-01   5.9290853332655069e-01   9.4307225126417676e-02   5.4523783939425044e-02   2.5826045760760657e-01   7.7354087524715931e-01
  5.0400000000000000e-01   5.5704702790954252e-01   9.7328599712600564e-02   5.5429771624690649e-02   2.9019460075316633e-01   7.4935359052225325e-01
  5.7599999999999996e-01   5.2417853703508566e-01   1.0012030534269889e-01   5.6368607362159644e-02   3.1933255026005586e-01   7.2643656892908526e-01
  6.4800000000000002e-01   4.9398060692588941e-01   1.0270085076984345e-01   5.7337071595615366e-02   3.4598147070865182e-01   7.0467293556159050e-01
  7.1999999999999997e-01   4.6617347846386159e-01   1.0508662571381033e-01   5.8332204088401653e-02   3.7040769173392640e-01   6.8396093377137246e-01
  7.9200000000000004e-01   4.4051337565965409e-01   1.0729221007850992e-01   5.9351275469298317e-02   3.9284313879253763e-01   6.6421153890204476e-01
  8.6399999999999999e-01   4.1678701322470857e-01   1.0933063026706168e-01   6.0391762810526481e-02   4.1349059369770325e-01   6.4534650676733307e-01
  9.3600000000000005e-01   3.9480707300547835e-01   1.1121357282454176e-01   6.1451328562027160e-02   4.3252802560795267e-01   6.2729676798680079e-01
  1.0080000000000000e+00   3.7440845603798373e-01   1.1295156344500215e-01   6.2527802294649382e-02   4.5011217822236460e-01   6.1000109930785251e-01
  1.0800000000000001e+00   3.5544515978341834e-01   1.1455411770060768e-01   6.3619164806244521e-02   4.6638155770972939e-01   5.9340501816778934e-01
  1.1519999999999999e+00   3.3778766253251874e-01   1.1602986855587404e-01   6.4723534225168966e-02   4.8145893468643819e-01   5.7745985826211821e-01
  1.2240000000000000e+00   3.2132072173794940e-01   1.1738667472388746e-01   6.5839153810050260e-02   4.9545344972811278e-01   5.6212199271250618e-01
  1.2960000000000000e+00   3.0594151210627657e-01   1.1863171313424636e-01   6.6964381196424810e-02   5.0846239356305212e-01   5.4735217824430971e-01
  1.3680000000000001e+00   2.9155804407454383e-01   1.1977155816261892e-01   6.8097678882713772e-02   5.2057271888012335e-01   5.3311499908338034e-01
  1.4399999999999999e+00   2.7808781485160211e-01   1.2081224978070282e-01   6.9237605782041217e-02   5.3186232958565371e-01   5.1937839342901770e-01
  1.5120000000000000e+00   2.6545665329008777e-01   1.2175935239400126e-01   7.0382809694219881e-02   5.4240118462169096e-01   5.0611324862518670e-01
  1.5840000000000001e+00   2.5359772704406564e-01   1.2261800582122104e-01   7.1532020575078042e-02   5.5225224655963512e-01   4.9329305373802651e-01
  1.6559999999999999e+00   2.4245068618981386e-01   1.2339296961649006e-01   7.2684044499154249e-02   5.6147229969454171e-01   4.8089360030699912e-01
  1.7280000000000000e+00   2.3196092206815211e-01   1.2408866173110857e-01   7.3837758227409123e-02   5.7011265797333011e-01   4.6889272368570850e-01
  1.8000000000000000e+00   2.2207892379366434e-01   1.2470919234523943e-01   7.4992104304605317e-02   5.7821977955649073e-01   4.5727007871502562e-01
  1.8720000000000001e+00   2.1275971785889111e-01   1.2525839356407409e-01   7.6146086621869155e-02   5.8583580195516538e-01   4.4600694454376927e-01
  1.9440000000000000e+00   2.0396237868643147e-01   1.2573984556153492e-01   7.7298766389057902e-02   5.9299900936297545e-01   4.3508605428345920e-01
  2.0160000000000000e+00   1.9564959996247211e-01   1.2615689966273555e-01   7.8449258469225597e-02   5.9974424190556652e-01   4.2449144589450954e-01
  2.0880000000000001e+00   1.8778731821020023e-01   1.2651269878046520e-01   7.9596728033958480e-02   6.0610325497537587e-01   4.1420833128365314e-01
  2.1600000000000001e+00   1.8034438140041464e-01   1.2681019555790599e-01   8.0740387503841826e-02   6.1210503553783735e-01   4.0422298107154997e-01
  2.2320000000000002e+00   1.7329225650431335e-01   1.2705216851725712e-01   8.1879493742988640e-02   6.1777608123544081e-01   3.9452262288525797e-01
  2.3039999999999998e+00   1.6660477081341307e-01   1.2724123647001653e-01   8.3013345480543468e-02   6.2314064723602680e-01   3.8509535135831013e-01
  2.3759999999999999e+00   1.6025788261852444e-01   1.2737987140782991e-01   8.4141280935481552e-02   6.2822096503816394e-01   3.7593004829409599e-01
  2.4480000000000000e+00   1.5422947748140770e-01   1.2747041006181392e-01   8.5262675623947168e-02   6.3303743683283109e-01   3.6701631167612481e-01
  2.5200000000000000e+00   1.4849918687149072e-01   1.2751506429209231e-01   8.6376940330890703e-02   6.3760880850552615e-01   3.5834439239965787e-01
  2.5920000000000001e+00   1.4304822639385037e-01   1.2751593044712919e-01   8.7483519229934220e-02   6.4195232392908608e-01   3.4990513775962756e-01
  2.6640000000000001e+00   1.3785925121815640e-01   1.2747499781363680e-01   8.8581888137273301e-02   6.4608386283093344e-01   3.4168994086502336e-01
  2.7360000000000002e+00   1.3291622664333730e-01   1.2739415626182038e-01   8.9671552887051129e-02   6.5001806420779107e-01   3.3369069526429196e-01
  2.8079999999999998e+00   1.2820431200907262e-01   1.2727520317705462e-01   9.0752047817056494e-02   6.5376843699681619e-01   3.2589975416329842e-01
  2.8799999999999999e+00   1.2370975640080896e-01   1.2711984975738769e-01   9.1822934354831937e-02   6.5734745948697126e-01   3.1830989369988155e-01
  2.9520000000000000e+00   1.1941980479639944e-01   1.2692972674623104e-01   9.2883799695355623e-02   6.6076666876201373e-01   3.1091427980938524e-01
  3.0240000000000000e+00   1.1532261347509370e-01   1.2670638966096051e-01   9.3934255562405020e-02   6.6403674130154067e-01   3.0370643827569688e-01
  3.0960000000000001e+00   1.1140717365794306e-01   1.2645132357071212e-01   9.4973937046538226e-02   6.6716756572480640e-01   2.9668022761388774e-01
  3.1680000000000001e+00   1.0766324247646655e-01   1.2616594747022389e-01   9.6002501513357874e-02   6.7016830853995146e-01   2.8982981447485984e-01
  3.2400000000000002e+00   1.0408128047675588e-01   1.2585161829100683e-01   9.7019627576364051e-02   6.7304747365587303e-01   2.8314965130058106e-01
  3.3119999999999998e+00   1.0065239496168171e-01   1.2550963458629358e-01   9.8025014129269838e-02   6.7581295632275473e-01   2.7663445599144815e-01
  3.3839999999999999e+00   9.7368288556681726e-02   1.2514123992200971e-01   9.9018379433154904e-02   6.7847209208815351e-01   2.7027919337584683e-01
  3.4560000000000000e+00   9.4221212456596343e-02   1.2474762600234819e-01   9.9999460254277486e-02   6.8103170128677781e-01   2.6407905829672024e-01
  3.5280000000000000e+00   9.1203923873716619e-02   1.2432993555532838e-01   1.0096801104876015e-01   6.8349812952219480e-01   2.5802946015146666e-01
  3.6000000000000001e+00   8.8309647261929594e-02   1.2388926500092015e-01   1.0192380319071673e-01   6.8587728454643349e-01   2.5212600874022095e-01
  3.6720000000000002e+00   8.5532038939695673e-02   1.2342666692186051e-01   1.0286662424070146e-01   6.8817466989774234e-01   2.4636450129392978e-01
  3.7440000000000002e+00   8.2865154776512934e-02   1.2294315235513269e-01   1.0379627725164148e-01   6.9039541561671292e-01   2.4074091056792848e-01
  3.8159999999999998e+00   8.0303420644316531e-02   1.2243969292018193e-01   1.0471258010966503e-01   6.9254430632583641e-01   2.3525137389926679e-01
  3.8879999999999999e+00   7.7841605367610436e-02   1.2191722279826894e-01   1.0561536490746194e-01   6.9462580692665865e-01   2.2989218313702856e-01
  3.9600000000000000e+00   7.5474795934621308e-02   1.2137664057588522e-01   1.0650447734801552e-01   6.9664408614147799e-01   2.2465977536457121e-01
  4.0320000000000000e+00   7.3198374756900123e-02   1.2081881096384881e-01   1.0737977617672617e-01   6.9860303810252500e-01   2.1955072434113937e-01
  4.1040000000000001e+00   7.1007998787008808e-02   1.2024456640254015e-01   1.0824113264011091e-01   7.0050630217034016e-01   2.1456173259783379e-01
  4.1760000000000002e+00   6.8899580323587270e-02   1.1965470856271151e-01   1.0908842996941057e-01   7.0235728114429063e-01   2.0968962412957326e-01
  4.2480000000000002e+00   6.6869269350520927e-02   1.1905000975038896e-01   1.0992156288756998e-01   7.0415915801152018e-01   2.0493133763058421e-01
  4.3200000000000003e+00   6.4913437272397498e-02   1.1843121422357292e-01   1.1074043713817719e-01   7.0591491136585238e-01   2.0028392022618136e-01
  4.3920000000000003e+00   6.3028661922192836e-02   1.1779903942771791e-01   1.1154496903505748e-01   7.0762732961503172e-01   1.9574452165825212e-01
  4.4640000000000004e+00   6.1211713729368226e-02   1.1715417715632391e-01   1.1233508503131723e-01   7.0929902408299061e-01   1.9131038888599386e-01
  4.5359999999999996e+00   5.9459542947474950e-02   1.1649729464239206e-01   1.1311072130672331e-01   7.1093244110340970e-01   1.8697886106713915e-01
  4.6079999999999997e+00   5.7769267850104847e-02   1.1582903558597810e-01   1.1387182337238587e-01   7.1252987319153105e-01   1.8274736488819771e-01
  4.6799999999999997e+00   5.6138163812733378e-02   1.1515002112261098e-01   1.1461834569178762e-01   7.1409346937286799e-01   1.7861341021518518e-01
  4.7519999999999998e+00   5.4563653205795523e-02   1.1446085073692512e-01   1.1535025131727121e-01   7.1562524474000810e-01   1.7457458603894466e-01
  4.8239999999999998e+00   5.3043296031318597e-02   1.1376210312547819e-01   1.1606751154115894e-01   7.1712708930204427e-01   1.7062855669152832e-01
  4.8959999999999999e+00   5.1574781241701763e-02   1.1305433701238631e-01   1.1677010556073662e-01   7.1860077618517526e-01   1.6677305831222883e-01
  4.9680000000000000e+00   5.0155918684859788e-02   1.1233809192110293e-01   1.1745802015638596e-01   7.2004796923765124e-01   1.6300589554375555e-01
  5.0400000000000000e+00   4.8784631625010226e-02   1.1161388890538990e-01   1.1813124938219759e-01   7.2147023008740219e-01   1.5932493844076956e-01
  5.1120000000000001e+00   4.7458949792938979e-02   1.1088223124227904e-01   1.1878979426844241e-01   7.2286902469633951e-01   1.5572811957453692e-01
  5.1840000000000002e+00   4.6177002923686442e-02   1.1014360508959603e-01   1.1943366253531856e-01   7.2424572945139898e-01   1.5221343131885759e-01
  5.2560000000000002e+00   4.4937014743301064e-02   1.0939848011041171e-01   1.2006286831742935e-01   7.2560163682885781e-01   1.4877892330369047e-01
  5.3280000000000003e+00   4.3737297369654142e-02   1.0864731006659947e-01   1.2067743189848253e-01   7.2693796066526373e-01   1.4542270002403551e-01
  5.4000000000000004e+00   4.2576246095334884e-02   1.0789053338350683e-01   1.2127737945573260e-01   7.2825584106542562e-01   1.4214291859267114e-01
  5.4720000000000004e+00   4.1452334523383434e-02   1.0712857368759504e-01   1.2186274281371796e-01   7.2955634897530341e-01   1.3893778662628156e-01
  5.5439999999999996e+00   4.0364110029100175e-02   1.0636184031875850e-01   1.2243355920687179e-01   7.3084049044526933e-01   1.3580556025536270e-01
  5.6159999999999997e+00   3.9310189523419109e-02   1.0559072881890751e-01   1.2298987105061085e-01   7.3210921060706236e-01   1.3274454224907012e-01
  5.6879999999999997e+00   3.8289255495375082e-02   1.0481562139827982e-01   1.2353172572053014e-01   7.3336339738581469e-01   1.2975308024687665e-01
  5.7599999999999998e+00   3.7300052313049482e-02   1.0403688738083866e-01   1.2405917533935286e-01   7.3460388496675877e-01   1.2682956508955157e-01
  5.8319999999999999e+00   3.6341382764065976e-02   1.0325488363001598e-01   1.2457227657130542e-01   7.3583145703461239e-01   1.2397242924255840e-01
  5.9039999999999999e+00   3.5412104818242973e-02   1.0246995495596981e-01   1.2507109042360604e-01   7.3704684980218105e-01   1.2118014530550407e-01
  5.9760000000000000e+00   3.4511128596408043e-02   1.0168243450544044e-01   1.2555568205477310e-01   7.3825075484337821e-01   1.1845122460176141e-01
  6.0480000000000000e+00   3.3637413530654463e-02   1.0089264413521482e-01   1.2602612058947549e-01   7.3944382174465506e-01   1.1578421584283441e-01
  6.1200000000000001e+00   3.2789965702483576e-02   1.0010089477013748e-01   1.2648247893966241e-01   7.4062666058771631e-01   1.1317770386244566e-01
  6.1920000000000002e+00   3.1967835346338951e-02   9.9307486746542301e-02   1.2692483363172455e-01   7.4179984427539392e-01   1.1063030841570184e-01
  6.2640000000000002e+00   3.1170114507009503e-02   9.8512710141919077e-02   1.2735326463945101e-01   7.4296391071162016e-01   1.0814068303903697e-01
  6.3360000000000003e+00   3.0395934840266842e-02   9.7716845091574536e-02   1.2776785522255996e-01   7.4411936484559849e-01   1.0570751396695033e-01
  6.4080000000000004e+00   2.9644465546915185e-02   9.6920162092996101e-02   1.2816869177059081e-01   7.4526668058949763e-01   1.0332951910184798e-01
  6.4800000000000004e+00   2.8914911431177033e-02   9.6122922298580007e-02   1.2855586365195848e-01   7.4640630261828422e-01   1.0100544703356278e-01
  6.5519999999999996e+00   2.8206511075020604e-02   9.5325377797341862e-02   1.2892946306797831e-01   7.4753864805965908e-01   9.8734076105376350e-02
  6.6239999999999997e+00   2.7518535120661540e-02   9.4527771886187620e-02   1.2928958491168169e-01   7.4866410808146888e-01   9.6514213523592879e-02
  6.6959999999999997e+00   2.6850284654046548e-02   9.3730339331285328e-02   1.2963632663124966e-01   7.4978304938341822e-01   9.4344694507923932e-02
  6.7679999999999998e+00   2.6201089682655197e-02   9.2933306620043898e-02   1.2996978809790127e-01   7.5089581559939944e-01   9.2224381480138132e-02
  6.8399999999999999e+00   2.5570307701441818e-02   9.2136892204172663e-02   1.3029007147808039e-01   7.5200272861630491e-01   9.0152163288607090e-02
  6.9119999999999999e+00   2.4957322341186677e-02   9.1341306734265978e-02   1.3059728110979263e-01   7.5310408981475441e-01   8.8126954466544935e-02
  6.9840000000000000e+00   2.4361542093937000e-02   9.0546753286329107e-02   1.3089152338295065e-01   7.5420018123678301e-01   8.6147694521891430e-02
  7.0560000000000000e+00   2.3782399110597725e-02   8.9753427580636203e-02   1.3117290662359254e-01   7.5529126668517321e-01   8.4213347256929999e-02
  7.1280000000000001e+00   2.3219348066081325e-02   8.8961518193286973e-02   1.3144154098184438e-01   7.5637759275878702e-01   8.2322900115863323e-02
  7.2000000000000002e+00   2.2671865087748540e-02   8.8171206760806267e-02   1.3169753832350323e-01   7.5745938982794159e-01   8.0475363558690075e-02
  7.2720000000000002e+00   2.2139446743169533e-02   8.7382668178110329e-02   1.3194101212512321e-01   7.5853687295359662e-01   7.8669770459839625e-02
  7.3440000000000003e+00   2.1621609083509779e-02   8.6596070790143503e-02   1.3217207737249095e-01   7.5961024275385547e-01   7.6905175530125186e-02
  7.4160000000000004e+00   2.1117886739099239e-02   8.5811576577471599e-02   1.3239085046238308e-01   7.6067968622104576e-01   7.5180654760673968e-02
  7.4880000000000004e+00   2.0627832063978165e-02   8.5029341336101003e-02   1.3259744910750196e-01   7.6174537749241855e-01   7.3495304887581728e-02
  7.5599999999999996e+00   2.0151014326430364e-02   8.4249514851776675e-02   1.3279199224449026e-01   7.6280747857730236e-01   7.1848242876123528e-02
  7.6319999999999997e+00   1.9687018942716003e-02   8.3472241068997685e-02   1.3297459994492936e-01   7.6386614004335662e-01   7.0238605423430522e-02
  7.7039999999999997e+00   1.9235446751402516e-02   8.2697658254975145e-02   1.3314539332922998e-01   7.6492150166439199e-01   6.8665548478614141e-02
  7.7759999999999998e+00   1.8795913325864892e-02   8.1925899158744236e-02   1.3330449448332762e-01   7.6597369303206275e-01   6.7128246779387141e-02
  7.8479999999999999e+00   1.8368048322687049e-02   8.1157091165630163e-02   1.3345202637809805e-01   7.6702283413358430e-01   6.5625893404293173e-02
  7.9199999999999999e+00   1.7951494863844557e-02   8.0391356447256784e-02   1.3358811279141167e-01   7.6806903589748665e-01   6.4157699339715074e-02
  7.9920000000000000e+00   1.7545908950687132e-02   7.9628812107275529e-02   1.3371287823274930e-01   7.6911240070928766e-01   6.2722893060886353e-02
  8.0640000000000001e+00   1.7150958907867522e-02   7.8869570322983057e-02   1.3382644787030351e-01   7.7015302289884546e-01   6.1320720126180873e-02
  8.1359999999999992e+00   1.6766324855482573e-02   7.8113738482986084e-02   1.3392894746049336e-01   7.7119098920103768e-01   5.9950442784003091e-02
  8.2080000000000002e+00   1.6391698207803142e-02   7.7361419321063787e-02   1.3402050327982268e-01   7.7222637919131010e-01   5.8611339591644933e-02
  8.2799999999999994e+00   1.6026781197072553e-02   7.6612711046369630e-02   1.3410124205901489e-01   7.7325926569754255e-01   5.7302705045516510e-02
  8.3520000000000003e+00   1.5671286420949230e-02   7.5867707470106877e-02   1.3417129091935887e-01   7.7428971518958467e-01   5.6023849222196206e-02
  8.4239999999999995e+00   1.5324936412258567e-02   7.5126498128805189e-02   1.3423077731120336e-01   7.7531778814773256e-01   5.4774097429780767e-02
  8.4960000000000004e+00   1.4987463229802260e-02   7.4389168404318640e-02   1.3427982895453952e-01   7.7634353941133927e-01   5.3552789869050092e-02
  8.5679999999999996e+00   1.4658608069050932e-02   7.3655799640659325e-02   1.3431857378161252e-01   7.7736701850867695e-01   5.2359281303991659e-02
  8.6400000000000006e+00   1.4338120891618223e-02   7.2926469257775045e-02   1.3434713988150612e-01   7.7838826996910038e-01   5.1192940741258873e-02
  8.7119999999999997e+00   1.4025760072482039e-02   7.2201250862373362e-02   1.3436565544664497e-01   7.7940733361849934e-01   5.0053151118164413e-02
  8.7840000000000007e+00   1.3721292063981573e-02   7.1480214355890109e-02   1.3437424872116160e-01   7.8042424485896655e-01   4.8939308998834904e-02
  8.8559999999999999e+00   1.3424491075677588e-02   7.0763426039694696e-02   1.3437304795107682e-01   7.8143903493355071e-01   4.7850824278176815e-02
  8.9280000000000008e+00   1.3135138769218379e-02   7.0050948717620173e-02   1.3436218133624386e-01   7.8245173117691746e-01   4.6787119893325020e-02
  9.0000000000000000e+00   1.2853023967405145e-02   6.9342841795902166e-02   1.3434177698400743e-01   7.8346235725268520e-01   4.5747631542266534e-02
  9.0719999999999992e+00   1.2577942376698511e-02   6.8639161380606162e-02   1.3431196286453134e-01   7.8447093337816387e-01   4.4731807409350240e-02
  9.1440000000000001e+00   1.2309696322452841e-02   6.7939960372619013e-02   1.3427286676774911e-01   7.8547747653717892e-01   4.3739107897411957e-02
  9.2159999999999993e+00   1.2048094496206987e-02   6.7245288560277311e-02   1.3422461626189333e-01   7.8648200068162222e-01   4.2769005366260208e-02
  9.2880000000000003e+00   1.1792951714399390e-02   6.6555192709701352e-02   1.3416733865356087e-01   7.8748451692233823e-01   4.1820983877283911e-02
  9.3599999999999994e+00   1.1544088687912315e-02   6.5869716652900756e-02   1.3410116094927269e-01   7.8848503370991407e-01   4.0894538943957413e-02
  9.4320000000000004e+00   1.1301331801884428e-02   6.5188901373714483e-02   1.3402620981848712e-01   7.8948355700591366e-01   3.9989177288031912e-02
  9.5039999999999996e+00   1.1064512905263281e-02   6.4512785091645597e-02   1.3394261155802811e-01   7.9048009044506273e-01   3.9104416601214761e-02
  9.5760000000000005e+00   1.0833469109599501e-02   6.3841403343648073e-02   1.3385049205788943e-01   7.9147463548886265e-01   3.8239785312149811e-02
  9.6479999999999997e+00   1.0608042596612939e-02   6.3174789063920808e-02   1.3374997676837797e-01   7.9246719157108803e-01   3.7394822358523136e-02
  9.7200000000000006e+00   1.0388080434087621e-02   6.2512972661761673e-02   1.3364119066855987e-01   7.9345775623559056e-01   3.6569076964128165e-02
  9.7919999999999998e+00   1.0173434399677366e-02   6.1855982097532104e-02   1.3352425823597439e-01   7.9444632526681591e-01   3.5762108420734205e-02
  9.8640000000000008e+00   9.9639608122273939e-03   6.1203842956780684e-02   1.3339930341758055e-01   7.9543289281341112e-01   3.4973485874610792e-02
  9.9359999999999999e+00   9.7595203702392982e-03   6.0556578522572568e-02   1.3326644960190398e-01   7.9641745150528387e-01   3.4202788117568793e-02
  1.0007999999999999e+01   9.5599779971273970e-03   5.9914209846069391e-02   1.3312581959235051e-01   7.9739999256445238e-01   3.3449603382386651e-02
  1.0080000000000000e+01   9.3652026929339858e-03   5.9276755815402815e-02   1.3297753558165559e-01   7.9838050591000731e-01   3.2713529142497366e-02
  1.0151999999999999e+01   9.1750673921892605e-03   5.8644233222883264e-02   1.3282171912743770e-01   7.9935898025748942e-01   3.1994171915818395e-02
  1.0224000000000000e+01   8.9894488276188508e-03   5.8016656830583810e-02   1.3265849112882636e-01   8.0033540321297070e-01   3.1291147072612935e-02
  1.0295999999999999e+01   8.8082273994180733e-03   5.7394039434337844e-02   1.3248797180413452e-01   8.0130976136210919e-01   3.0604078647276635e-02
  1.0368000000000000e+01   8.6312870498272305e-03   5.6776391926187657e-02   1.3231028066954756e-01   8.0228204035443718e-01   2.9932599153949212e-02
  1.0440000000000000e+01   8.4585151427565616e-03   5.6163723355320112e-02   1.3212553651879982e-01   8.0325222498312310e-01   2.9276349405855474e-02
  1.0512000000000000e+01   8.2898023482229095e-03   5.5556040987523987e-02   1.3193385740381219e-01   8.0422029926044036e-01   2.8634978338284708e-02
  1.0584000000000000e+01   8.1250425313729030e-03   5.4953350363202778e-02   1.3173536061626367e-01   8.0518624648916015e-01   2.8008142835121843e-02
  1.0656000000000001e+01   7.9641326458793019e-03   5.4355655353975511e-02   1.3153016267007081e-01   8.0615004933007384e-01   2.7395507558847728e-02
  1.0728000000000000e+01   7.8069726315084789e-03   5.3762958217897221e-02   1.3131837928474988e-01   8.0711168986584392e-01   2.6796744783929551e-02
  1.0800000000000001e+01   7.6534653156675866e-03   5.3175259653329664e-02   1.3110012536963686e-01   8.0807114966136528e-01   2.6211534233525961e-02
  1.0872000000000000e+01   7.5035163187499258e-03   5.2592558851492069e-02   1.3087551500894093e-01   8.0902840982081647e-01   2.5639562919434502e-02
  1.0944000000000001e+01   7.3570339631064807e-03   5.2014853547720799e-02   1.3064466144760767e-01   8.0998345104156444e-01   2.5080524985212221e-02
  1.1016000000000000e+01   7.2139291854804695e-03   5.1442140071466108e-02   1.3040767707796944e-01   8.1093625366508337e-01   2.4534121552402696e-02
  1.1087999999999999e+01   7.0741154527501132e-03   5.0874413395053115e-02   1.3016467342715973e-01   8.1188679772503658e-01   2.4000060569805748e-02
  1.1160000000000000e+01   6.9375086808327619e-03   5.0311667181233900e-02   1.2991576114526981e-01   8.1283506299266306e-01   2.3478056665728050e-02
  1.1231999999999999e+01   6.8040271566109723e-03   4.9753893829556368e-02   1.2966104999422615e-01   8.1378102901960603e-01   2.2967831003155473e-02
  1.1304000000000000e+01   6.6735914627481623e-03   4.9201084521575324e-02   1.2940064883736729e-01   8.1472467517830882e-01   2.2469111137789780e-02
  1.1375999999999999e+01   6.5461244052681484e-03   4.8653229264930258e-02   1.2913466562970033e-01   8.1566598070010077e-01   2.1981630878894331e-02
  1.1448000000000000e+01   6.4215509437791302e-03   4.8110316936314075e-02   1.2886320740881593e-01   8.1660492471109036e-01   2.1505130152895294e-02
  1.1520000000000000e+01   6.2997981242286392e-03   4.7572335323356016e-02   1.2858638028644337e-01   8.1754148626597145e-01   2.1039354869686371e-02
  1.1592000000000001e+01   6.1807950140815851e-03   4.7039271165441932e-02   1.2830428944062561e-01   8.1847564437985032e-01   2.0584056791586803e-02
  1.1664000000000000e+01   6.0644726398188147e-03   4.6511110193494187e-02   1.2801703910849629e-01   8.1940737805819008e-01   2.0138993404903650e-02
  1.1736000000000001e+01   5.9507639266586330e-03   4.5987837168733135e-02   1.2772473257964009e-01   8.2033666632496760e-01   1.9703927794050863e-02
  1.1808000000000000e+01   5.8396036404084768e-03   4.5469435920441711e-02   1.2742747219001868e-01   8.2126348824913054e-01   1.9278628518178877e-02
  1.1880000000000001e+01   5.7309283313584057e-03   4.4955889382753987e-02   1.2712535931644509e-01   8.2218782296944193e-01   1.8862869490269538e-02
  1.1952000000000000e+01   5.6246762801323326e-03   4.4447179630488436e-02   1.2681849437158890e-01   8.2310964971778966e-01   1.8456429858652413e-02
  1.2023999999999999e+01   5.5207874454169239e-03   4.3943287914045830e-02   1.2650697679949649e-01   8.2402894784104008e-01   1.8059093890899488e-02
  1.2096000000000000e+01   5.4192034134919074e-03   4.3444194693391683e-02   1.2619090507160935e-01   8.2494569682150642e-01   1.7670650860056231e-02
  1.2167999999999999e+01   5.3198673494891319e-03   4.2949879671142471e-02   1.2587037668326492e-01   8.2585987629610280e-01   1.7290894933167933e-02
  1.2240000000000000e+01   5.2227239503111105e-03   4.2460321824774619e-02   1.2554548815066485e-01   8.2677146607424867e-01   1.6919625062061034e-02
  1.2311999999999999e+01   5.1277193991430452e-03   4.1975499437974892e-02   1.2521633500829468e-01   8.2768044615458658e-01   1.6556644876340031e-02
  1.2384000000000000e+01   5.0348013214953635e-03   4.1495390131150334e-02   1.2488301180678138e-01   8.2858679674057212e-01   1.6201762578561270e-02
  1.2456000000000000e+01   4.9439187427167061e-03   4.1019970891115781e-02   1.2454561211117318e-01   8.2949049825499344e-01   1.5854790841545632e-02
  1.2528000000000000e+01   4.8550220469200612e-03   4.0549218099976338e-02   1.2420422849962857e-01   8.3039153135347410e-01   1.5515546707792843e-02
  1.2600000000000000e+01   4.7680629372673531e-03   4.0083107563222337e-02   1.2385895256250015e-01   8.3128987693700929e-01   1.5183851490960742e-02
  1.2672000000000001e+01   4.6829943975602523e-03   3.9621614537053276e-02   1.2350987490180024e-01   8.3218551616358527e-01   1.4859530679373520e-02
  1.2744000000000000e+01   4.5997706550873242e-03   3.9164713754947907e-02   1.2315708513103524e-01   8.3307843045892860e-01   1.4542413841523449e-02
  1.2816000000000001e+01   4.5183471446798842e-03   3.8712379453496176e-02   1.2280067187539567e-01   8.3396860152642727e-01   1.4232334533531250e-02
  1.2888000000000000e+01   4.4386804739310129e-03   3.8264585397509647e-02   1.2244072277228985e-01   8.3485601135626841e-01   1.3929130208530760e-02
  1.2960000000000001e+01   4.3607283895342004e-03   3.7821304904425597e-02   1.2207732447220873e-01   8.3574064223383038e-01   1.3632642127944071e-02
  1.3032000000000000e+01   4.2844497447000092e-03   3.7382510868020684e-02   1.2171056263991047e-01   8.3662247674736778e-01   1.3342715274613788e-02
  1.3103999999999999e+01   4.2098044676109440e-03   3.6948175781449114e-02   1.2134052195591266e-01   8.3750149779502614e-01   1.3059198267759666e-02
  1.3176000000000000e+01   4.1367535308764348e-03   3.6518271759620261e-02   1.2096728611828154e-01   8.3837768859122053e-01   1.2781943279727119e-02
  1.3247999999999999e+01   4.0652589219514869e-03   3.6092770560930479e-02   1.2059093784470674e-01   8.3925103267241008e-01   1.2510805954495823e-02
  1.3320000000000000e+01   3.9952836144841073e-03   3.5671643608363432e-02   1.2021155887485116e-01   8.4012151390230005e-01   1.2245645327916816e-02
  1.3391999999999999e+01   3.9267915405580773e-03   3.5254862009973083e-02   1.1982922997296548e-01   8.4098911647650199e-01   1.1986323749647141e-02
  1.3464000000000000e+01   3.8597475637990658e-03   3.4842396578763271e-02   1.1944403093075708e-01   8.4185382492667915e-01   1.1732706806751352e-02
  1.3536000000000000e+01   3.7941174533134255e-03   3.4434217851977443e-02   1.1905604057050345e-01   8.4271562412420431e-01   1.1484663248939686e-02
  1.3608000000000001e+01   3.7298678584302522e-03   3.4030296109812078e-02   1.1866533674840062e-01   8.4357449928335571e-01   1.1242064915413123e-02
  1.3680000000000000e+01   3.6669662842185409e-03   3.3630601393566800e-02   1.1827199635813704e-01   8.4443043596407619e-01   1.1004786663285871e-02
  1.3752000000000001e+01   3.6053810677524013e-03   3.3235103523244262e-02   1.1787609533468375e-01   8.4528342007431823e-01   1.0772706297556313e-02
  1.3824000000000000e+01   3.5450813550984071e-03   3.2843772114612382e-02   1.1747770865829212e-01   8.4613343787199569e-01   1.0545704502597706e-02
  1.3896000000000001e+01   3.4860370790001987e-03   3.2456576595741533e-02   1.1707691035869015e-01   8.4698047596656667e-01   1.0323664775140505e-02
  1.3968000000000000e+01   3.4282189372364536e-03   3.2073486223028760e-02   1.1667377351946924e-01   8.4782452132026409e-01   1.0106473358718305e-02
  1.4039999999999999e+01   3.3715983716293054e-03   3.1694470096721265e-02   1.1626837028265290e-01   8.4866556124899506e-01   9.8940191795499708e-03
  1.4112000000000000e+01   3.3161475476811814e-03   3.1319497175950742e-02   1.1586077185343967e-01   8.4950358342292698e-01   9.6861937838308293e-03
  1.4183999999999999e+01   3.2618393348189099e-03   3.0948536293290353e-02   1.1545104850511212e-01   8.5033857586677730e-01   9.4828912764061239e-03
  1.4256000000000000e+01   3.2086472872247733e-03   3.0581556168845597e-02   1.1503926958410472e-01   8.5117052695982354e-01   9.2840082608003707e-03
  1.4327999999999999e+01   3.1565456252349603e-03   3.0218525423890294e-02   1.1462550351522291e-01   8.5199942543565044e-01   9.0894437805765227e-03
  1.4400000000000000e+01   3.1055092172866420e-03   2.9859412594058651e-02   1.1420981780700640e-01   8.5282526038164685e-01   8.8990992619993395e-03
  1.4472000000000000e+01   3.0555135623956025e-03   2.9504186142104146e-02   1.1379227905722965e-01   8.5364802123826922e-01   8.7128784579775763e-03
  1.4544000000000000e+01   3.0065347731470450e-03   2.9152814470235787e-02   1.1337295295853264e-01   8.5446769779808318e-01   8.5306873932600568e-03
  1.4616000000000000e+01   2.9585495591828576e-03   2.8805265932042141e-02   1.1295190430417563e-01   8.5528428020459801e-01   8.3524343108610163e-03
  1.4688000000000001e+01   2.9115352111692399e-03   2.8461508844013234e-02   1.1252919699391122e-01   8.5609775895090501e-01   8.1780296196904533e-03
  1.4760000000000000e+01   2.8654695852292013e-03   2.8121511496670356e-02   1.1210489403996757e-01   8.5690812487813151e-01   8.0073858433655706e-03
  1.4832000000000001e+01   2.8203310878250087e-03   2.7785242165313469e-02   1.1167905757313697e-01   8.5771536917372326e-01   7.8404175701797859e-03
  1.4904000000000000e+01   2.7760986610762218e-03   2.7452669120395880e-02   1.1125174884896347e-01   8.5851948336956307e-01   7.6770414042060453e-03
  1.4976000000000001e+01   2.7327517684994571e-03   2.7123760637535497e-02   1.1082302825402428e-01   8.5932045933993950e-01   7.5171759175116258e-03
  1.5048000000000000e+01   2.6902703811565554e-03   2.6798485007171972e-02   1.1039295531229912e-01   8.6011828929937106e-01   7.3607416034618678e-03
  1.5119999999999999e+01   2.6486349641982815e-03   2.6476810543878654e-02   1.0996158869162238e-01   8.6091296580029941e-01   7.2076608310906948e-03
  1.5192000000000000e+01   2.6078264637911667e-03   2.6158705595338325e-02   1.0952898621021270e-01   8.6170448173065661e-01   7.0578578005160517e-03
  1.5263999999999999e+01   2.5678262944155263e-03   2.5844138550991241e-02   1.0909520484327498e-01   8.6249283031131696e-01   6.9112584993788039e-03
  1.5336000000000000e+01   2.5286163265231380e-03   2.5533077850364141e-02   1.0866030072967005e-01   8.6327800509344133e-01   6.7677906602839066e-03
  1.5407999999999999e+01   2.4901788745434316e-03   2.5225491991088422e-02   1.0822432917864705e-01   8.6405999995571980e-01   6.6273837192230445e-03
  1.5480000000000000e+01   2.4524966852274735e-03   2.4921349536615695e-02   1.0778734467663403e-01   8.6483880910152144e-01   6.4899687749582543e-03
  1.5552000000000000e+01   2.4155529263193720e-03   2.4620619123638669e-02   1.0734940089408229e-01   8.6561442705595837e-01   6.3554785493463682e-03
  1.5624000000000001e+01   2.3793311755450986e-03   2.4323269469225244e-02   1.0691055069236013e-01   8.6638684866286819e-01   6.2238473485844836e-03
  1.5696000000000000e+01   2.3438154099090693e-03   2.4029269377673388e-02   1.0647084613069190e-01   8.6715606908172427e-01   6.0950110253569249e-03
  1.5768000000000001e+01   2.3089899952891484e-03   2.3738587747094374e-02   1.0603033847313807e-01   8.6792208378447711e-01   5.9689069418645824e-03
  1.5840000000000000e+01   2.2748396763210697e-03   2.3451193575731638e-02   1.0558907819561278e-01   8.6868488855233317e-01   5.8454739337177476e-03
  1.5912000000000001e+01   2.2413495665635549e-03   2.3167055968022505e-02   1.0514711499293464e-01   8.6944447947247805e-01   5.7246522746739565e-03
  1.5984000000000000e+01   2.2085051389357240e-03   2.2886144140409761e-02   1.0470449778590740e-01   8.7020085293474581e-01   5.6063836422026326e-03
  1.6056000000000001e+01   2.1762922164186545e-03   2.2608427426909963e-02   1.0426127472842690e-01   8.7095400562824310e-01   5.4906110838586373e-03
  1.6128000000000000e+01   2.1446969630132318e-03   2.2333875284445203e-02   1.0381749321461073e-01   8.7170393453792938e-01   5.3772789844472096e-03
  1.6199999999999999e+01   2.1137058749466750e-03   2.2062457297944926e-02   1.0337319988594740e-01   8.7245063694115954e-01   5.2663330339629841e-03
  1.6271999999999998e+01   2.0833057721203999e-03   2.1794143185224199e-02   1.0292844063846178e-01   8.7319411040419215e-01   5.1577201962862097e-03
  1.6344000000000001e+01   2.0534837897920881e-03   2.1528902801644739e-02   1.0248326062989369e-01   8.7393435277866804e-01   5.0513886786194917e-03
  1.6416000000000000e+01   2.0242273704850957e-03   2.1266706144564849e-02   1.0203770428688667e-01   8.7467136219806196e-01   4.9472879016487607e-03
  1.6488000000000000e+01   1.9955242561185290e-03   2.1007523357584254e-02   1.0159181531218402e-01   8.7540513707411183e-01   4.8453684704124339e-03
  1.6559999999999999e+01   1.9673624803515535e-03   2.0751324734589745e-02   1.0114563669182933e-01   8.7613567609322807e-01   4.7455821458630611e-03
  1.6632000000000001e+01   1.9397303611356919e-03   2.0498080723607329e-02   1.0069921070236883e-01   8.7686297821288672e-01   4.6478818171060074e-03
  1.6704000000000001e+01   1.9126164934690742e-03   2.0247761930466540e-02   1.0025257891805295e-01   8.7758704265801002e-01   4.5522214743000857e-03
  1.6776000000000000e+01   1.8860097423467948e-03   2.0000339122282322e-02   9.9805782218034544e-02   8.7830786891733492e-01   4.4585561822052663e-03
  1.6847999999999999e+01   1.8598992359017141e-03   1.9755783230759941e-02   9.9358860793561474e-02   8.7902545673977550e-01   4.3668420543629518e-03
  1.6920000000000002e+01   1.8342743587302205e-03   1.9514065355328031e-02   9.8911854155161072e-02   8.7973980613077918e-01   4.2770362278945493e-03
  1.6992000000000001e+01   1.8091247453976434e-03   1.9275156766104962e-02   9.8464801139814470e-02   8.8045091734868142e-01   4.1890968389043711e-03
  1.7064000000000000e+01   1.7844402741181711e-03   1.9039028906703517e-02   9.8017739918118421e-02   8.8115879090105842e-01   4.1029829984732102e-03
  1.7135999999999999e+01   1.7602110606042868e-03   1.8805653396878674e-02   9.7570708001432735e-02   8.8186342754108271e-01   4.0186547692291595e-03
  1.7207999999999998e+01   1.7364274520808962e-03   1.8575002035023311e-02   9.7123742249011116e-02   8.8256482826388316e-01   3.9360731424825848e-03
  1.7280000000000001e+01   1.7130800214594586e-03   1.8347046800516440e-02   9.6676878875113836e-02   8.8326299430290867e-01   3.8552000159123951e-03
  1.7352000000000000e+01   1.6901595616675904e-03   1.8121759855928510e-02   9.6230153456100018e-02   8.8395792712630228e-01   3.7759981717910905e-03
  1.7423999999999999e+01   1.6676570801297359e-03   1.7899113549088134e-02   9.5783600937498020e-02   8.8464962843328254e-01   3.6984312557362562e-03
  1.7495999999999999e+01   1.6455637933946458e-03   1.7679080415014682e-02   9.5337255641052179e-02   8.8533810015053693e-01   3.6224637559765542e-03
  1.7568000000000001e+01   1.6238711219055228e-03   1.7461633177720742e-02   9.4891151271744287e-02   8.8602334442862796e-01   3.5480609831204562e-03
  1.7640000000000001e+01   1.6025706849088308e-03   1.7246744751888733e-02   9.4445320924788176e-02   8.8670536363841268e-01   3.4751890504162728e-03
  1.7712000000000000e+01   1.5816542954978714e-03   1.7034388244425575e-02   9.3999797092596149e-02   8.8738416036747880e-01   3.4038148544923183e-03
  1.7783999999999999e+01   1.5611139557873621e-03   1.6824536955899274e-02   9.3554611671715457e-02   8.8805973741659627e-01   3.3339060565662935e-03
  1.7856000000000002e+01   1.5409418522153520e-03   1.6617164381861307e-02   9.3109795969733899e-02   8.8873209779618778e-01   3.2654310641132859e-03
  1.7928000000000001e+01   1.5211303509689294e-03   1.6412244214058475e-02   9.2665380712152912e-02   8.8940124472281801e-01   3.1983590129820347e-03
  1.8000000000000000e+01   1.5016719935302741e-03   1.6209750341537797e-02   9.2221396049227022e-02   8.9006718161570320e-01   3.1326597499494028e-03
  1.8071999999999999e+01   1.4825594923397140e-03   1.6009656851647978e-02   9.1777871562768565e-02   8.9072991209324193e-01   3.0683038157032798e-03
  1.8143999999999998e+01   1.4637857265725426e-03   1.5811938030940928e-02   9.1334836272916498e-02   8.9138943996956821e-01   3.0052624282444367e-03
  1.8216000000000001e+01   1.4453437380264505e-03   1.5616568365976595e-02   9.0892318644868006e-02   8.9204576925112711e-01   2.9435074666981369e-03
  1.8288000000000000e+01   1.4272267271165148e-03   1.5423522544034386e-02   9.0450346595572301e-02   8.9269890413327502e-01   2.8830114555266186e-03
  1.8359999999999999e+01   1.4094280489747838e-03   1.5232775453734372e-02   9.0008947500385295e-02   8.9334884899690370e-01   2.8237475491338856e-03
  1.8431999999999999e+01   1.3919412096515752e-03   1.5044302185571330e-02   8.9568148199684366e-02   8.9399560840509096e-01   2.7656895168545587e-03
  1.8504000000000001e+01   1.3747598624156963e-03   1.4858078032364623e-02   8.9127975005442395e-02   8.9463918709977541e-01   2.7088117283188837e-03
  1.8576000000000001e+01   1.3578778041508702e-03   1.4674078489626851e-02   8.8688453707760059e-02   8.9527958999846036e-01   2.6530891391863694e-03
  1.8648000000000000e+01   1.3412889718457358e-03   1.4492279255854132e-02   8.8249609581355831e-02   8.9591682219094249e-01   2.5984972772408756e-03
  1.8719999999999999e+01   1.3249874391748620e-03   1.4312656232740731e-02   8.7811467392012829e-02   8.9655088893606971e-01   2.5450122288404025e-03
  1.8792000000000002e+01   1.3089674131682911e-03   1.4135185525320811e-02   8.7374051402981712e-02   8.9718179565852729e-01   2.4926106257152493e-03
  1.8864000000000001e+01   1.2932232309671987e-03   1.3959843442039847e-02   8.6937385381339216e-02   8.9780954794565182e-01   2.4412696321086452e-03
  1.8936000000000000e+01   1.2777493566633281e-03   1.3786606494758307e-02   8.6501492604301553e-02   8.9843415154427486e-01   2.3909669322544594e-03
  1.9007999999999999e+01   1.2625403782199180e-03   1.3615451398690068e-02   8.6066395865492043e-02   8.9905561235759590e-01   2.3416807181870715e-03
  1.9079999999999998e+01   1.2475910044719163e-03   1.3446355072277968e-02   8.5632117481162659e-02   8.9967393644208549e-01   2.2933896778790141e-03
